Gene	GLUT_DOWN	RAP_DOWN	INSULIN_2F_UP	LEU_DOWN	GNF_FEMALE_GENES	Proteasome_Degradati	ST_Dictyostelium_dis	proteasomePathway	mtorPathway	XINACT_MERGED	cellcyclePathway	raccycdPathway	telPathway	TCA	rhoPathway	MAP00193_ATP_synthes	cell_cycle_arrest	SA_G1_AND_S_PHASES	mRNA_splicing	mRNA_processing
AKT1	0	0	0	0	0	0	1	0	1	0	0	1	1	0	0	0	0	0	0	0
EIF4G2	1	1	0	1	0	0	0	0	1	0	0	0	0	0	0	0	1	0	0	0
CDK4	0	1	0	0	0	0	0	0	0	0	1	1	0	0	0	0	0	1	0	0
CCND3	0	0	0	0	0	0	0	0	0	0	1	0	0	0	0	0	0	0	0	0
CCND2	0	0	0	0	0	0	0	0	0	0	1	0	0	0	0	0	0	0	0	0
CDKN2B	0	0	0	0	0	0	0	0	0	0	1	0	0	0	0	0	0	0	0	0
RB1	0	0	0	0	0	0	0	0	0	0	1	1	1	0	0	0	0	0	0	0
CDK2	0	0	0	0	0	0	0	0	0	0	1	1	0	0	0	0	0	0	0	0
CDK6	0	0	0	0	0	0	0	0	0	0	1	1	0	0	0	0	0	0	0	0
CCNE1	0	0	0	0	0	0	0	0	0	0	1	1	0	0	0	0	0	0	0	0
CDKN1A	0	0	0	0	0	0	0	0	0	0	1	1	0	0	0	0	1	1	0	0
CDKN2C	0	0	0	0	0	0	0	0	0	0	1	0	0	0	0	0	1	0	0	0
CDKN2A	0	0	0	0	0	0	0	0	0	0	1	0	0	0	0	0	1	1	0	0
CDC25A	1	1	0	0	0	0	0	0	0	0	1	0	0	0	0	0	0	0	0	0
CCNB1	1	0	0	0	0	0	0	0	0	0	1	0	0	0	0	0	0	0	0	0
HRAS	1	0	0	0	0	0	0	0	0	0	0	1	0	0	0	0	0	0	0	0
DHX9	1	0	0	1	0	0	0	0	0	0	0	0	0	0	0	0	0	0	0	0
CDC20	1	0	0	1	0	0	0	0	0	0	0	0	0	0	0	0	0	0	0	0
SEC61B	1	0	0	1	0	0	0	0	0	0	0	0	0	0	0	0	0	0	0	0
PSMF1	1	0	0	1	0	0	0	0	0	0	0	0	0	0	0	0	0	0	0	0
SSB	1	0	0	1	0	0	0	0	0	0	0	0	0	0	0	0	0	0	0	0
UMPS	1	0	0	1	0	0	0	0	0	0	0	0	0	0	0	0	0	0	0	0
PIK3R3	1	0	0	1	0	0	0	0	0	0	0	0	0	0	0	0	0	0	0	0
MRPL3	1	0	0	1	0	0	0	0	0	0	0	0	0	0	0	0	0	0	0	0
EIF5	1	0	0	1	0	0	0	0	0	0	0	0	0	0	0	0	0	0	0	0
KPNA2	1	0	0	1	0	0	0	0	0	0	0	0	0	0	0	0	0	0	0	0
NCL	1	0	0	1	0	0	0	0	0	0	0	0	0	0	0	0	0	0	0	0
LDHA	1	0	0	1	0	0	0	0	0	0	0	0	0	0	0	0	0	0	0	0
TOP1	1	0	0	1	0	0	0	0	0	0	0	0	0	0	0	0	0	0	0	0
PDCD4	1	0	0	1	0	0	0	0	0	0	0	0	0	0	0	0	0	0	0	0
CALR	1	0	0	1	0	0	0	0	0	0	0	0	0	0	0	0	0	0	0	0
ERH	1	0	0	1	0	0	0	0	0	0	0	0	0	0	0	0	0	0	0	0
UBE2N	1	0	0	1	0	0	0	0	0	0	0	0	0	0	0	0	0	0	0	0
RNF126	1	0	0	1	0	0	0	0	0	0	0	0	0	0	0	0	0	0	0	0
PRDX1	1	0	1	0	0	0	0	0	0	0	0	0	0	0	0	0	0	0	0	0
KARS	1	0	1	0	0	0	0	0	0	0	0	0	0	0	0	0	0	0	0	0
ODC1	1	0	1	0	0	0	0	0	0	0	0	0	0	0	0	0	0	0	0	0
SARA1	1	0	0	0	0	0	0	0	0	0	0	0	0	0	0	0	0	0	0	0
PSMA6	1	0	0	0	0	0	0	0	0	0	0	0	0	0	0	0	0	0	0	0
FLJ12671	1	0	0	0	0	0	0	0	0	0	0	0	0	0	0	0	0	0	0	0
PAICS	1	0	0	0	0	0	0	0	0	0	0	0	0	0	0	0	0	0	0	0
CAD	1	0	0	0	0	0	0	0	0	0	0	0	0	0	0	0	0	0	0	0
DKC1	1	0	0	0	0	0	0	0	0	0	0	0	0	0	0	0	0	0	0	0
BAZ1A	1	0	0	0	0	0	0	0	0	0	0	0	0	0	0	0	0	0	0	0
TBL3	1	0	0	0	0	0	0	0	0	0	0	0	0	0	0	0	0	0	0	0
CGI-48	1	0	0	0	0	0	0	0	0	0	0	0	0	0	0	0	0	0	0	0
ARS2	1	0	0	0	0	0	0	0	0	0	0	0	0	0	0	0	0	0	0	0
L3MBTL	1	0	0	0	0	0	0	0	0	0	0	0	0	0	0	0	0	0	0	0
GCSH	1	0	0	0	0	0	0	0	0	0	0	0	0	0	0	0	0	0	0	0
STAT1	1	0	0	0	0	0	0	0	0	0	0	0	0	0	0	0	0	0	0	0
NDUFS6	1	0	0	0	0	0	0	0	0	0	0	0	0	0	0	0	0	0	0	0
ATR	1	0	0	0	0	0	0	0	0	0	0	0	0	0	0	0	0	0	0	0
MYD88	1	0	0	0	0	0	0	0	0	0	0	0	0	0	0	0	0	0	0	0
NUDC	1	0	0	0	0	0	0	0	0	0	0	0	0	0	0	0	0	0	0	0
HSA9761	1	0	0	0	0	0	0	0	0	0	0	0	0	0	0	0	0	0	0	0
MEP50	1	0	0	0	0	0	0	0	0	0	0	0	0	0	0	0	0	0	0	0
PSMD12	1	0	0	0	0	0	0	0	0	0	0	0	0	0	0	0	0	0	0	0
SLC5A6	1	0	0	0	0	0	0	0	0	0	0	0	0	0	0	0	0	0	0	0
FUS	1	0	0	0	0	0	0	0	0	0	0	0	0	0	0	0	0	0	0	0
BMS1L	1	0	0	0	0	0	0	0	0	0	0	0	0	0	0	0	0	0	0	0
PFKP	1	0	0	0	0	0	0	0	0	0	0	0	0	0	0	0	0	0	0	0
CHD4	1	0	0	0	0	0	0	0	0	0	0	0	0	0	0	0	0	0	0	0
TAP1	1	0	0	0	0	0	0	0	0	0	0	0	0	0	0	0	0	0	0	0
PES1	1	0	0	0	0	0	0	0	0	0	0	0	0	0	0	0	0	0	0	0
DDX18	1	0	0	0	0	0	0	0	0	0	0	0	0	0	0	0	0	0	0	0
PCBP1	1	0	0	0	0	0	0	0	0	0	0	0	0	0	0	0	0	0	0	0
HNRPAB	1	0	0	0	0	0	0	0	0	0	0	0	0	0	0	0	0	0	0	0
UBE2G2	1	0	0	0	0	0	0	0	0	0	0	0	0	0	0	0	0	0	0	0
HSGP25L2G	1	0	0	0	0	0	0	0	0	0	0	0	0	0	0	0	0	0	0	0
ILF2	1	0	0	0	0	0	0	0	0	0	0	0	0	0	0	0	0	0	0	0
BZW1	1	0	0	0	0	0	0	0	0	0	0	0	0	0	0	0	0	0	0	0
ATP2A2	1	0	0	0	0	0	0	0	0	0	0	0	0	0	0	0	0	0	0	0
ZNF207	1	0	0	0	0	0	0	0	0	0	0	0	0	0	0	0	0	0	0	0
HNRPA2B1	1	0	0	0	0	0	0	0	0	0	0	0	0	0	0	0	0	0	0	0
PPP1R10	1	0	0	0	0	0	0	0	0	0	0	0	0	0	0	0	0	0	0	0
LMNB1	1	0	0	0	0	0	0	0	0	0	0	0	0	0	0	0	0	0	0	0
RPLP2	1	0	0	0	0	0	0	0	0	0	0	0	0	0	0	0	0	0	0	0
MAP3K11	1	0	0	0	0	0	0	0	0	0	0	0	0	0	0	0	0	0	0	0
RQCD1	1	0	0	0	0	0	0	0	0	0	0	0	0	0	0	0	0	0	0	0
EWSR1	1	0	0	0	0	0	0	0	0	0	0	0	0	0	0	0	0	0	0	0
M11S1	1	0	0	0	0	0	0	0	0	0	0	0	0	0	0	0	0	0	0	0
ATP6V0E	0	1	0	0	0	0	0	0	0	0	0	0	0	0	0	1	0	0	0	0
SNRPC	0	1	0	0	0	0	0	0	0	0	0	0	0	0	0	0	0	0	1	0
MYCBP	0	1	0	0	0	0	0	0	0	0	0	0	0	0	0	0	0	0	0	0
MAPKAPK3	0	1	0	0	0	0	0	0	0	0	0	0	0	0	0	0	0	0	0	0
HADH2	0	1	0	0	0	0	0	0	0	0	0	0	0	0	0	0	0	0	0	0
COX7B	0	1	0	0	0	0	0	0	0	0	0	0	0	0	0	0	0	0	0	0
USP10	0	1	0	0	0	0	0	0	0	0	0	0	0	0	0	0	0	0	0	0
DAP3	0	1	0	0	0	0	0	0	0	0	0	0	0	0	0	0	0	0	0	0
TGDS	0	1	0	0	0	0	0	0	0	0	0	0	0	0	0	0	0	0	0	0
PICALM	0	1	0	0	0	0	0	0	0	0	0	0	0	0	0	0	0	0	0	0
ICT1	0	1	0	0	0	0	0	0	0	0	0	0	0	0	0	0	0	0	0	0
ZNF259	0	1	0	0	0	0	0	0	0	0	0	0	0	0	0	0	0	0	0	0
POLR2B	0	1	0	0	0	0	0	0	0	0	0	0	0	0	0	0	0	0	0	0
CAPZA2	0	1	0	0	0	0	0	0	0	0	0	0	0	0	0	0	0	0	0	0
KPNA3	0	1	0	0	0	0	0	0	0	0	0	0	0	0	0	0	0	0	0	0
UBE2L3	0	1	0	0	0	0	0	0	0	0	0	0	0	0	0	0	0	0	0	0
TARS	0	1	0	0	0	0	0	0	0	0	0	0	0	0	0	0	0	0	0	0
CD47	0	1	0	0	0	0	0	0	0	0	0	0	0	0	0	0	0	0	0	0
COX11	0	1	0	0	0	0	0	0	0	0	0	0	0	0	0	0	0	0	0	0
SLC1A5	0	1	0	0	0	0	0	0	0	0	0	0	0	0	0	0	0	0	0	0
RARS	0	1	0	0	0	0	0	0	0	0	0	0	0	0	0	0	0	0	0	0
HCCS	0	1	0	0	0	0	0	0	0	0	0	0	0	0	0	0	0	0	0	0
RTN4	0	1	0	0	0	0	0	0	0	0	0	0	0	0	0	0	0	0	0	0
MARS	0	1	0	0	0	0	0	0	0	0	0	0	0	0	0	0	0	0	0	0
SSA2	0	1	0	0	0	0	0	0	0	0	0	0	0	0	0	0	0	0	0	0
PRDX3	0	1	0	0	0	0	0	0	0	0	0	0	0	0	0	0	0	0	0	0
ACVRL1	0	1	0	0	0	0	0	0	0	0	0	0	0	0	0	0	0	0	0	0
ATF5	0	1	0	0	0	0	0	0	0	0	0	0	0	0	0	0	0	0	0	0
CALU	0	1	0	0	0	0	0	0	0	0	0	0	0	0	0	0	0	0	0	0
HYOU1	0	1	0	0	0	0	0	0	0	0	0	0	0	0	0	0	0	0	0	0
RAB14	0	1	0	0	0	0	0	0	0	0	0	0	0	0	0	0	0	0	0	0
S100A4	0	1	0	0	0	0	0	0	0	0	0	0	0	0	0	0	0	0	0	0
RAB1A	0	1	0	0	0	0	0	0	0	0	0	0	0	0	0	0	0	0	0	0
GORASP2	0	1	0	0	0	0	0	0	0	0	0	0	0	0	0	0	0	0	0	0
GTF3C1	0	1	0	0	0	0	0	0	0	0	0	0	0	0	0	0	0	0	0	0
CCNC	0	1	0	0	0	0	0	0	0	0	0	0	0	0	0	0	0	0	0	0
EXTL3	0	1	0	0	0	0	0	0	0	0	0	0	0	0	0	0	0	0	0	0
SLC7A5	0	1	0	0	0	0	0	0	0	0	0	0	0	0	0	0	0	0	0	0
EIF4G1	1	1	0	0	0	0	0	0	1	0	0	0	0	0	0	0	0	0	0	0
IDH3A	1	1	0	0	0	0	0	0	0	0	0	0	0	1	0	0	0	0	0	0
FKBP4	1	1	0	0	0	0	0	0	0	0	0	0	0	0	0	0	0	0	0	0
HSPC111	1	1	0	0	0	0	0	0	0	0	0	0	0	0	0	0	0	0	0	0
MRPS12	1	1	0	0	0	0	0	0	0	0	0	0	0	0	0	0	0	0	0	0
PGAM1	1	1	0	0	0	0	0	0	0	0	0	0	0	0	0	0	0	0	0	0
CCT5	1	1	0	0	0	0	0	0	0	0	0	0	0	0	0	0	0	0	0	0
SLC29A1	1	1	0	0	0	0	0	0	0	0	0	0	0	0	0	0	0	0	0	0
SSBP1	1	1	0	0	0	0	0	0	0	0	0	0	0	0	0	0	0	0	0	0
CTPS	1	1	0	0	0	0	0	0	0	0	0	0	0	0	0	0	0	0	0	0
ATP5G3	1	1	0	0	0	0	0	0	0	0	0	0	0	0	0	0	0	0	0	0
ATP1B3	1	1	0	0	0	0	0	0	0	0	0	0	0	0	0	0	0	0	0	0
LOC84549	1	1	0	0	0	0	0	0	0	0	0	0	0	0	0	0	0	0	0	0
BCAP31	1	1	0	0	0	0	0	0	0	0	0	0	0	0	0	0	0	0	0	0
SYNCRIP	1	1	0	0	0	0	0	0	0	0	0	0	0	0	0	0	0	0	0	0
EBNA1BP2	1	1	0	0	0	0	0	0	0	0	0	0	0	0	0	0	0	0	0	0
RNASEH1	1	1	0	0	0	0	0	0	0	0	0	0	0	0	0	0	0	0	0	0
PA2G4	1	1	0	0	0	0	0	0	0	0	0	0	0	0	0	0	0	0	0	0
UBE2M	1	1	0	0	0	0	0	0	0	0	0	0	0	0	0	0	0	0	0	0
DPH2L2	1	1	0	0	0	0	0	0	0	0	0	0	0	0	0	0	0	0	0	0
EEF1E1	1	1	0	0	0	0	0	0	0	0	0	0	0	0	0	0	0	0	0	0
XBP1	1	1	0	0	0	0	0	0	0	0	0	0	0	0	0	0	0	0	0	0
C1QBP	1	1	0	0	0	0	0	0	0	0	0	0	0	0	0	0	0	0	0	0
NME1	1	1	0	0	0	0	0	0	0	0	0	0	0	0	0	0	0	0	0	0
RNU3IP2	1	1	0	0	0	0	0	0	0	0	0	0	0	0	0	0	0	0	0	0
RPS26	1	1	0	0	0	0	0	0	0	0	0	0	0	0	0	0	0	0	0	0
PTDSS1	1	1	0	0	0	0	0	0	0	0	0	0	0	0	0	0	0	0	0	0
XRCC5	1	0	0	1	0	0	0	0	0	0	0	0	1	0	0	0	0	0	0	0
HSPCA	1	1	0	1	0	0	0	0	0	0	0	0	1	0	0	0	0	0	0	0
FNBP3	1	1	0	1	0	0	0	0	0	0	0	0	0	0	0	0	0	0	1	0
SNRPA1	1	1	0	1	0	0	0	0	0	0	0	0	0	0	0	0	0	0	1	0
LDHB	1	1	1	1	0	0	0	0	0	0	0	0	0	0	0	0	0	0	0	0
AHSA1	1	1	1	1	0	0	0	0	0	0	0	0	0	0	0	0	0	0	0	0
MGC5508	1	1	1	1	0	0	0	0	0	0	0	0	0	0	0	0	0	0	0	0
TIMM17A	1	1	0	1	0	0	0	0	0	0	0	0	0	0	0	0	0	0	0	0
HSPA4	1	1	0	1	0	0	0	0	0	0	0	0	0	0	0	0	0	0	0	0
DKFZP564F0522	1	1	0	1	0	0	0	0	0	0	0	0	0	0	0	0	0	0	0	0
NOL5A	1	1	0	1	0	0	0	0	0	0	0	0	0	0	0	0	0	0	0	0
TRIP13	1	1	0	1	0	0	0	0	0	0	0	0	0	0	0	0	0	0	0	0
TDG	1	1	0	1	0	0	0	0	0	0	0	0	0	0	0	0	0	0	0	0
ACAT2	1	1	0	1	0	0	0	0	0	0	0	0	0	0	0	0	0	0	0	0
FLJ12443	1	1	0	1	0	0	0	0	0	0	0	0	0	0	0	0	0	0	0	0
CSE1L	1	1	0	1	0	0	0	0	0	0	0	0	0	0	0	0	0	0	0	0
NOL1	1	1	0	1	0	0	0	0	0	0	0	0	0	0	0	0	0	0	0	0
TFRC	1	1	0	1	0	0	0	0	0	0	0	0	0	0	0	0	0	0	0	0
KIAA0117	1	1	0	1	0	0	0	0	0	0	0	0	0	0	0	0	0	0	0	0
HSPE1	1	1	0	1	0	0	0	0	0	0	0	0	0	0	0	0	0	0	0	0
HSPCB	1	1	0	1	0	0	0	0	0	0	0	0	0	0	0	0	0	0	0	0
HRMT1L2	1	1	0	1	0	0	0	0	0	0	0	0	0	0	0	0	0	0	0	0
PPIB	1	1	0	1	0	0	0	0	0	0	0	0	0	0	0	0	0	0	0	0
ARMET	1	1	0	1	0	0	0	0	0	0	0	0	0	0	0	0	0	0	0	0
DDX21	1	1	0	1	0	0	0	0	0	0	0	0	0	0	0	0	0	0	0	0
AMD1	1	1	0	1	0	0	0	0	0	0	0	0	0	0	0	0	0	0	0	0
TCP1	1	1	0	1	0	0	0	0	0	0	0	0	0	0	0	0	0	0	0	0
SRM	1	1	0	1	0	0	0	0	0	0	0	0	0	0	0	0	0	0	0	0
HSPA5	1	1	0	1	0	0	0	0	0	0	0	0	0	0	0	0	0	0	0	0
HSPA8	1	1	0	1	0	0	0	0	0	0	0	0	0	0	0	0	0	0	0	0
ADRM1	1	1	0	1	0	0	0	0	0	0	0	0	0	0	0	0	0	0	0	0
DNAJA1	1	1	0	1	0	0	0	0	0	0	0	0	0	0	0	0	0	0	0	0
CCT2	1	1	0	1	0	0	0	0	0	0	0	0	0	0	0	0	0	0	0	0
TRA1	1	1	0	1	0	0	0	0	0	0	0	0	0	0	0	0	0	0	0	0
CYCS	1	1	0	1	0	0	0	0	0	0	0	0	0	0	0	0	0	0	0	0
CCT6A	1	1	0	1	0	0	0	0	0	0	0	0	0	0	0	0	0	0	0	0
PSMC2	0	1	0	0	0	1	0	0	0	0	0	0	0	0	0	0	0	0	0	0
PSMD5	0	1	0	0	0	1	0	0	0	0	0	0	0	0	0	0	0	0	0	0
PSMD4	0	0	0	0	0	1	0	0	0	0	0	0	0	0	0	0	0	0	0	0
MKI67	0	0	0	0	0	1	0	0	0	0	0	0	0	0	0	0	0	0	0	0
PSMC1	0	0	0	0	0	1	0	0	0	0	0	0	0	0	0	0	0	0	0	0
PSME2	0	0	0	0	0	1	0	0	0	0	0	0	0	0	0	0	0	0	0	0
PSMB9	0	0	0	0	0	1	0	0	0	0	0	0	0	0	0	0	0	0	0	0
PSMC4	0	0	0	0	0	1	0	0	0	0	0	0	0	0	0	0	0	0	0	0
PSMD3	1	0	0	1	0	1	0	0	0	0	0	0	0	0	0	0	0	0	0	0
PSMD1	1	0	0	1	0	1	0	0	0	0	0	0	0	0	0	0	0	0	0	0
PSMD2	0	0	0	1	0	1	0	0	0	0	0	0	0	0	0	0	0	0	0	0
UBC	0	0	0	1	0	1	0	0	0	0	0	0	0	0	0	0	0	0	0	0
PSMA5	0	0	0	1	0	0	0	1	0	0	0	0	0	0	0	0	0	0	0	0
CHC1	0	1	0	1	0	0	0	0	0	0	0	0	0	0	0	0	0	0	0	0
ETF1	0	1	0	1	0	0	0	0	0	0	0	0	0	0	0	0	0	0	0	0
TEBP	0	1	0	1	0	0	0	0	0	0	0	0	0	0	0	0	0	0	0	0
KIAA1055	0	0	0	1	0	0	0	0	0	0	0	0	0	0	0	0	0	0	0	0
CCNA2	0	0	0	1	0	0	0	0	0	0	0	0	0	0	0	0	0	0	0	0
DHRS1	0	0	0	1	0	0	0	0	0	0	0	0	0	0	0	0	0	0	0	0
DOC-1R	0	0	0	1	0	0	0	0	0	0	0	0	0	0	0	0	0	0	0	0
NBL1	0	0	0	1	0	0	0	0	0	0	0	0	0	0	0	0	0	0	0	0
KIAA0152	0	0	0	1	0	0	0	0	0	0	0	0	0	0	0	0	0	0	0	0
VRK1	0	0	0	1	0	0	0	0	0	0	0	0	0	0	0	0	0	0	0	0
GART	0	0	0	1	0	0	0	0	0	0	0	0	0	0	0	0	0	0	0	0
BST2	0	0	0	1	0	0	0	0	0	0	0	0	0	0	0	0	0	0	0	0
HUMGT198A	0	0	0	1	0	0	0	0	0	0	0	0	0	0	0	0	0	0	0	0
NUTF2	0	0	0	1	0	0	0	0	0	0	0	0	0	0	0	0	0	0	0	0
NME2	0	0	0	1	0	0	0	0	0	0	0	0	0	0	0	0	0	0	0	0
MCM4	0	0	0	1	0	0	0	0	0	0	0	0	0	0	0	0	0	0	0	0
TRIP15	0	0	0	1	0	0	0	0	0	0	0	0	0	0	0	0	0	0	0	0
SFRS1	1	0	0	0	0	0	0	0	0	0	0	0	0	0	0	0	0	0	0	1
DHX15	1	0	0	0	0	0	0	0	0	0	0	0	0	0	0	0	0	0	0	1
HNRPA1	0	0	0	0	1	0	0	0	0	0	0	0	0	0	0	0	0	0	0	1
CPSF6	0	0	0	0	0	0	0	0	0	0	0	0	0	0	0	0	0	0	0	1
FUSIP1	0	0	0	0	0	0	0	0	0	0	0	0	0	0	0	0	0	0	0	1
CUGBP1	0	0	0	0	0	0	0	0	0	0	0	0	0	0	0	0	0	0	0	1
HNRPA0	0	0	0	0	0	0	0	0	0	0	0	0	0	0	0	0	0	0	0	1
HNRPR	0	0	0	0	0	0	0	0	0	0	0	0	0	0	0	0	0	0	0	1
LSM5	0	0	0	0	0	0	0	0	0	0	0	0	0	0	0	0	0	0	0	1
SLBP	0	0	0	0	0	0	0	0	0	0	0	0	0	0	0	0	0	0	0	1
SFRS9	0	0	0	0	0	0	0	0	0	0	0	0	0	0	0	0	0	0	0	1
U2AF2	0	0	0	0	0	0	0	0	0	0	0	0	0	0	0	0	0	0	0	1
SNRPD1	0	0	0	0	0	0	0	0	0	0	0	0	0	0	0	0	0	0	1	0
SRP19	0	0	0	0	0	0	0	0	0	0	0	0	0	0	0	0	0	0	1	0
CDC40	0	0	0	0	0	0	0	0	0	0	0	0	0	0	0	0	0	0	1	0
SNRPG	0	0	0	0	0	0	0	0	0	0	0	0	0	0	0	0	0	0	1	0
LSM4	0	0	0	0	0	0	0	0	0	0	0	0	0	0	0	0	0	0	1	0
NCBP1	0	0	0	0	0	0	0	0	0	0	0	0	0	0	0	0	0	0	1	0
SNRPD2	0	0	0	0	0	0	0	0	0	0	0	0	0	0	0	0	0	0	1	0
SF3A2	0	0	0	0	0	0	0	0	0	0	0	0	0	0	0	0	0	0	1	0
HPRP8BP	0	0	0	0	0	0	0	0	0	0	0	0	0	0	0	0	0	0	1	0
U2AF1L2	0	0	0	0	0	0	0	0	0	0	0	0	0	0	0	0	0	0	1	0
LSM6	0	0	0	0	0	0	0	0	0	0	0	0	0	0	0	0	0	0	1	0
SNRPB2	0	0	0	0	0	0	0	0	0	0	0	0	0	0	0	0	0	0	1	1
LSM1	0	0	0	0	0	0	0	0	0	0	0	0	0	0	0	0	0	0	1	1
SFRS4	0	0	0	0	0	0	0	0	0	0	0	0	0	0	0	0	0	0	1	1
SF3B3	0	0	0	0	0	0	0	0	0	0	0	0	0	0	0	0	0	0	1	1
U2AF1	0	0	0	0	0	0	0	0	0	0	0	0	0	0	0	0	0	0	1	1
SFRS2IP	0	0	0	0	0	0	0	0	0	0	0	0	0	0	0	0	0	0	1	1
USP39	0	0	0	0	0	0	0	0	0	0	0	0	0	0	0	0	0	0	1	1
SF3A1	0	0	0	0	0	0	0	0	0	0	0	0	0	0	0	0	0	0	1	1
SFRS10	0	0	0	0	0	0	0	0	0	0	0	0	0	0	0	0	0	0	1	1
PRPF4	1	0	0	0	0	0	0	0	0	0	0	0	0	0	0	0	0	0	1	0
SNRPF	1	0	0	0	0	0	0	0	0	0	0	0	0	0	0	0	0	0	1	0
MPHOSPH10	1	0	0	0	0	0	0	0	0	0	0	0	0	0	0	0	0	0	1	0
SFPQ	1	0	0	0	0	0	0	0	0	0	0	0	0	0	0	0	0	0	1	1
KHSRP	1	0	0	0	0	0	0	0	0	0	0	0	0	0	0	0	0	0	1	1
CFL1	0	0	0	0	0	0	0	0	0	0	0	0	0	0	1	0	0	1	0	0
E2F2	0	0	0	0	0	0	0	0	0	0	0	0	0	0	0	0	0	1	0	0
PFN1	1	0	0	0	0	0	0	0	0	0	0	0	0	0	1	0	0	0	0	0
PIP5K1A	0	1	0	0	0	0	0	0	0	0	0	0	0	0	1	0	0	0	0	0
DIAPH1	0	0	0	0	0	0	0	0	0	0	0	0	0	0	1	0	0	0	0	0
ARPC2	0	0	0	0	0	0	0	0	0	0	0	0	0	0	1	0	0	0	0	0
ARPC1B	0	0	0	0	0	0	0	0	0	0	0	0	0	0	1	0	0	0	0	0
SRC	0	0	0	0	0	0	0	0	0	0	0	0	0	0	1	0	0	0	0	0
UBE1	0	0	0	0	0	1	0	1	0	1	0	0	0	0	0	0	0	0	0	0
PSMC3	0	0	0	0	0	1	0	1	0	0	0	0	0	0	0	0	0	0	0	0
PSMA3	0	0	1	0	0	0	0	1	0	0	0	0	0	0	0	0	0	0	0	0
UBE3A	0	0	1	0	0	0	0	1	0	0	0	0	0	0	0	0	0	0	0	0
PSMB4	0	0	0	0	0	0	0	1	0	0	0	0	0	0	0	0	0	0	0	0
PSMA7	0	0	0	0	0	0	0	1	0	0	0	0	0	0	0	0	0	0	0	0
RPN2	0	0	0	0	0	0	0	1	0	0	0	0	0	0	0	0	0	0	0	0
RPN1	0	0	0	0	0	0	0	1	0	0	0	0	0	0	0	0	0	0	0	0
UBE2A	0	0	0	0	0	0	0	1	0	0	0	0	0	0	0	0	0	0	0	0
PSMA2	0	0	0	0	0	0	0	1	0	0	0	0	0	0	0	0	0	0	0	0
PSMB1	0	0	0	0	0	0	0	1	0	0	0	0	0	0	0	0	0	0	0	0
ATP6V1E1	0	0	1	0	0	0	0	0	0	0	0	0	0	0	0	1	0	0	0	0
ATP6V1B1	0	0	0	0	0	0	0	0	0	0	0	0	0	0	0	1	0	0	0	0
ATP6V0A1	0	0	0	0	0	0	0	0	0	0	0	0	0	0	0	1	0	0	0	0
ATP6V1A	0	0	0	0	0	0	0	0	0	0	0	0	0	0	0	1	0	0	0	0
DNCL1	0	0	1	1	0	0	0	0	0	0	0	0	0	0	0	0	0	0	0	0
VDAC1	1	0	1	1	0	0	0	0	0	0	0	0	0	0	0	0	0	0	0	0
ALDOA	1	0	1	1	0	0	0	0	0	0	0	0	0	0	0	0	0	0	0	0
DDX1	1	0	1	1	0	0	0	0	0	0	0	0	0	0	0	0	0	0	0	0
H2AFZ	0	0	1	0	0	1	0	0	0	0	0	0	0	0	0	0	0	0	0	0
PSMA4	0	0	1	0	0	1	0	1	0	0	0	0	0	0	0	0	0	0	0	0
VCP	1	1	1	0	0	0	0	0	0	0	0	0	0	0	0	0	0	0	0	0
GTF2A2	0	1	1	0	0	0	0	0	0	0	0	0	0	0	0	0	0	0	0	0
RNP24	0	1	1	0	0	0	0	0	0	0	0	0	0	0	0	0	0	0	0	0
SLC39A14	0	1	1	0	0	0	0	0	0	0	0	0	0	0	0	0	0	0	0	0
SPOP	0	0	1	0	0	0	0	0	0	0	0	0	0	0	0	0	0	0	0	1
LSM3	0	0	1	0	0	0	0	0	0	0	0	0	0	0	0	0	0	0	0	1
STS	0	0	1	0	0	0	0	0	0	1	0	0	0	0	0	0	0	0	0	0
USP9X	0	0	1	0	0	0	0	0	0	1	0	0	0	0	0	0	0	0	0	0
PSMD13	0	0	1	0	0	0	0	0	0	0	0	0	0	0	0	0	0	0	0	0
UBE2V2	0	0	1	0	0	0	0	0	0	0	0	0	0	0	0	0	0	0	0	0
HK2	0	0	1	0	0	0	0	0	0	0	0	0	0	0	0	0	0	0	0	0
C17orf35	0	0	1	0	0	0	0	0	0	0	0	0	0	0	0	0	0	0	0	0
YWHAQ	0	0	1	0	0	0	0	0	0	0	0	0	0	0	0	0	0	0	0	0
UBB	0	0	1	0	0	0	0	0	0	0	0	0	0	0	0	0	0	0	0	0
NACA	0	0	1	0	0	0	0	0	0	0	0	0	0	0	0	0	0	0	0	0
PXMP3	0	0	1	0	0	0	0	0	0	0	0	0	0	0	0	0	0	0	0	0
EIF2S2	0	0	1	0	0	0	0	0	0	0	0	0	0	0	0	0	0	0	0	0
MAT2A	0	0	1	0	0	0	0	0	0	0	0	0	0	0	0	0	0	0	0	0
PRO2730	0	0	1	0	0	0	0	0	0	0	0	0	0	0	0	0	0	0	0	0
EEF1G	0	0	1	0	0	0	0	0	0	0	0	0	0	0	0	0	0	0	0	0
MAOB	0	0	1	0	0	0	0	0	0	0	0	0	0	0	0	0	0	0	0	0
COPS5	0	0	1	0	0	0	0	0	0	0	0	0	0	0	0	0	0	0	0	0
MAP4	0	0	1	0	0	0	0	0	0	0	0	0	0	0	0	0	0	0	0	0
UBA2	0	0	1	0	0	0	0	0	0	0	0	0	0	0	0	0	0	0	0	0
CAMLG	0	0	1	0	0	0	0	0	0	0	0	0	0	0	0	0	0	0	0	0
PAM	0	0	1	0	0	0	0	0	0	0	0	0	0	0	0	0	0	0	0	0
NFE2L1	0	0	1	0	0	0	0	0	0	0	0	0	0	0	0	0	0	0	0	0
SH3GLB1	0	0	1	0	0	0	0	0	0	0	0	0	0	0	0	0	0	0	0	0
IPO7	0	0	1	0	0	0	0	0	0	0	0	0	0	0	0	0	0	0	0	0
YWHAH	0	0	1	0	0	0	0	0	0	0	0	0	0	0	0	0	0	0	0	0
SET	0	0	1	0	0	0	0	0	0	0	0	0	0	0	0	0	0	0	0	0
RPLP1	0	0	1	0	0	0	0	0	0	0	0	0	0	0	0	0	0	0	0	0
GMPR	0	0	1	0	0	0	0	0	0	0	0	0	0	0	0	0	0	0	0	0
CSDA	0	0	1	0	0	0	0	0	0	0	0	0	0	0	0	0	0	0	0	0
TSG101	0	0	1	0	0	0	0	0	0	0	0	0	0	0	0	0	0	0	0	0
CL640	0	0	1	0	0	0	0	0	0	0	0	0	0	0	0	0	0	0	0	0
ST13	0	0	1	0	0	0	0	0	0	0	0	0	0	0	0	0	0	0	0	0
TALDO1	0	0	1	0	0	0	0	0	0	0	0	0	0	0	0	0	0	0	0	0
NDUFS4	0	0	1	0	0	0	0	0	0	0	0	0	0	0	0	0	0	0	0	0
CD59	0	0	1	0	0	0	0	0	0	0	0	0	0	0	0	0	0	0	0	0
ZAK	0	0	1	0	0	0	0	0	0	0	0	0	0	0	0	0	0	0	0	0
SLC25A12	0	0	1	0	0	0	0	0	0	0	0	0	0	0	0	0	0	0	0	0
CANX	0	0	1	0	0	0	0	0	0	0	0	0	0	0	0	0	0	0	0	0
GLRX	0	0	1	0	0	0	0	0	0	0	0	0	0	0	0	0	0	0	0	0
PTMA	0	0	1	0	0	0	0	0	0	0	0	0	0	0	0	0	0	0	0	0
FEM1B	0	0	1	0	0	0	0	0	0	0	0	0	0	0	0	0	0	0	0	0
SUI1	0	0	1	0	0	0	0	0	0	0	0	0	0	0	0	0	0	0	0	0
RPS20	0	0	1	0	0	0	0	0	0	0	0	0	0	0	0	0	0	0	0	0
COX7A2	0	0	1	0	0	0	0	0	0	0	0	0	0	0	0	0	0	0	0	0
PPP1R2	0	0	1	0	0	0	0	0	0	0	0	0	0	0	0	0	0	0	0	0
SRP14	0	0	1	0	0	0	0	0	0	0	0	0	0	0	0	0	0	0	0	0
RPL7A	0	0	1	0	0	0	0	0	0	0	0	0	0	0	0	0	0	0	0	0
FLJ11506	0	0	1	0	0	0	0	0	0	0	0	0	0	0	0	0	0	0	0	0
NPM1	0	0	1	0	0	0	0	0	0	0	0	0	0	0	0	0	0	0	0	0
HSPC016	0	0	1	0	0	0	0	0	0	0	0	0	0	0	0	0	0	0	0	0
SLC35B1	0	0	1	0	0	0	0	0	0	0	0	0	0	0	0	0	0	0	0	0
BTF3	0	0	1	0	0	0	0	0	0	0	0	0	0	0	0	0	0	0	0	0
ARF4	0	0	1	0	0	0	0	0	0	0	0	0	0	0	0	0	0	0	0	0
LAMR1	0	0	1	0	0	0	0	0	0	0	0	0	0	0	0	0	0	0	0	0
UBE2B	0	0	1	0	0	0	0	0	0	0	0	0	0	0	0	0	0	0	0	0
CCT8	0	0	1	0	0	0	0	0	0	0	0	0	0	0	0	0	0	0	0	0
UBE2I	0	0	1	0	0	0	0	0	0	0	0	0	0	0	0	0	0	0	0	0
FHL3	0	0	1	0	0	0	0	0	0	0	0	0	0	0	0	0	0	0	0	0
NRD1	0	0	1	0	0	0	0	0	0	0	0	0	0	0	0	0	0	0	0	0
RPL41	0	0	1	0	0	0	0	0	0	0	0	0	0	0	0	0	0	0	0	0
PC4	0	0	1	0	0	0	0	0	0	0	0	0	0	0	0	0	0	0	0	0
LAPTM4A	0	0	1	0	0	0	0	0	0	0	0	0	0	0	0	0	0	0	0	0
IFIT1	0	0	1	0	0	0	0	0	0	0	0	0	0	0	0	0	0	0	0	0
CMAS	0	0	1	0	0	0	0	0	0	0	0	0	0	0	0	0	0	0	0	0
CRI1	0	0	1	0	0	0	0	0	0	0	0	0	0	0	0	0	0	0	0	0
C10orf7	1	0	0	0	0	0	0	0	0	0	0	0	0	0	0	0	1	0	0	0
PPP1R15A	0	0	0	0	0	0	0	0	0	0	0	0	0	0	0	0	1	0	0	0
CUL3	0	0	0	0	0	0	0	0	0	0	0	0	0	0	0	0	1	0	0	0
MAP2K6	0	0	0	0	0	0	0	0	0	0	0	0	0	0	0	0	1	0	0	0
MYC	0	0	0	0	0	0	0	0	0	0	0	0	1	0	0	0	1	0	0	0
KRAS2	0	0	0	0	0	0	0	0	0	0	0	0	1	0	0	0	0	0	0	0
TERF1	0	0	0	0	0	0	0	0	0	0	0	0	1	0	0	0	0	0	0	0
G22P1	0	0	0	0	0	0	0	0	0	0	0	0	1	0	0	0	0	0	0	0
MAPK3	0	0	0	0	0	0	1	0	0	0	0	1	0	0	0	0	0	0	0	0
NFKB1	0	0	0	0	0	0	0	0	0	0	0	1	0	0	0	0	0	0	0	0
RAF1	0	0	0	0	0	0	0	0	0	0	0	1	0	0	0	0	0	0	0	0
ACTR3	0	0	0	0	0	0	1	0	0	0	0	0	0	0	1	0	0	0	0	0
ETFA	0	1	0	0	0	0	1	0	0	0	0	0	0	0	0	0	0	0	0	0
GCA	0	0	0	0	0	0	1	0	0	0	0	0	0	0	0	0	0	0	0	0
BF	0	0	0	0	0	0	1	0	0	0	0	0	0	0	0	0	0	0	0	0
ITPKB	0	0	0	0	0	0	1	0	0	0	0	0	0	0	0	0	0	0	0	0
ITGA9	0	0	0	0	0	0	1	0	0	0	0	0	0	0	0	0	0	0	0	0
ITPR3	0	0	0	0	0	0	1	0	0	0	0	0	0	0	0	0	0	0	0	0
ITPKA	0	0	0	0	0	0	1	0	0	0	0	0	0	0	0	0	0	0	0	0
PDE3B	0	0	0	0	0	0	1	0	0	0	0	0	0	0	0	0	0	0	0	0
PI3	0	0	0	0	0	0	1	0	0	0	0	0	0	0	0	0	0	0	0	0
SGCB	0	0	0	0	0	0	1	0	0	0	0	0	0	0	0	0	0	0	0	0
DGKA	0	0	0	0	0	0	1	0	0	0	0	0	0	0	0	0	0	0	0	0
SDHB	0	1	0	0	0	0	0	0	0	0	0	0	0	1	0	0	0	0	0	0
IDH3G	0	0	0	0	0	0	0	0	0	0	0	0	0	1	0	0	0	0	0	0
IDH2	0	0	0	0	0	0	0	0	0	0	0	0	0	1	0	0	0	0	0	0
SUCLA2	0	0	0	0	0	0	0	0	0	0	0	0	0	1	0	0	0	0	0	0
FH	0	0	0	0	0	0	0	0	0	0	0	0	0	1	0	0	0	0	0	0
SDHC	0	0	0	0	0	0	0	0	0	0	0	0	0	1	0	0	0	0	0	0
OGDH	0	0	0	0	0	0	0	0	0	0	0	0	0	1	0	0	0	0	0	0
DDX3X	0	1	0	0	0	0	0	0	0	1	0	0	0	0	0	0	0	0	0	0
PRKX	0	0	0	0	0	0	0	0	0	1	0	0	0	0	0	0	0	0	0	0
EIF2S3	0	0	0	0	0	0	0	0	0	1	0	0	0	0	0	0	0	0	0	0
TMSB4X	0	0	0	0	0	0	0	0	0	1	0	0	0	0	0	0	0	0	0	0
EIF1AX	0	0	0	0	0	0	0	0	0	1	0	0	0	0	0	0	0	0	0	0
UTX	0	0	0	0	0	0	0	0	0	1	0	0	0	0	0	0	0	0	0	0
PPP2CA	0	0	0	0	0	0	0	0	1	0	0	0	1	0	0	0	0	0	0	0
EIF4A2	0	0	0	0	0	0	0	0	1	0	0	0	0	0	0	0	0	0	0	0
EIF4B	0	0	0	0	0	0	0	0	1	0	0	0	0	0	0	0	0	0	0	0
RPS6	0	0	0	0	0	0	0	0	1	0	0	0	0	0	0	0	0	0	0	0
PTEN	0	0	0	0	0	0	0	0	1	0	0	0	0	0	0	0	0	0	0	0
EIF4E	0	0	0	0	0	0	0	0	1	0	0	0	0	0	0	0	0	0	0	0
TSC2	0	0	0	0	0	0	0	0	1	0	0	0	0	0	0	0	0	0	0	0
RPS6KB1	0	0	0	0	0	0	0	0	1	0	0	0	0	0	0	0	0	0	0	0
TSC1	0	0	0	0	0	0	0	0	1	0	0	0	0	0	0	0	0	0	0	0
FKBP1A	0	0	0	0	0	0	0	0	1	0	0	0	0	0	0	0	0	0	0	0
RPS4X	0	0	0	0	1	0	1	0	0	1	0	0	0	0	0	0	0	0	0	0
RPS27A	0	0	0	0	1	1	0	0	0	0	0	0	0	0	0	0	0	0	0	0
IGFBP1	0	0	0	0	1	0	0	0	0	0	0	0	0	0	0	0	0	0	0	0
IFI16	0	0	0	0	1	0	0	0	0	0	0	0	0	0	0	0	0	0	0	0
CREB3L2	0	0	0	0	1	0	0	0	0	0	0	0	0	0	0	0	0	0	0	0
AEBP1	0	0	0	0	1	0	0	0	0	0	0	0	0	0	0	0	0	0	0	0
RPL31	0	0	0	0	1	0	0	0	0	0	0	0	0	0	0	0	0	0	0	0
OGT	0	0	0	0	1	0	0	0	0	0	0	0	0	0	0	0	0	0	0	0
EEF1B2	0	0	0	0	1	0	0	0	0	0	0	0	0	0	0	0	0	0	0	0
RPL15	0	0	0	0	1	0	0	0	0	0	0	0	0	0	0	0	0	0	0	0
RPL9	0	0	0	0	1	0	0	0	0	0	0	0	0	0	0	0	0	0	0	0
RPL10	0	0	0	0	1	0	0	0	0	0	0	0	0	0	0	0	0	0	0	0
MITF	0	0	0	0	1	0	0	0	0	0	0	0	0	0	0	0	0	0	0	0
RPL35A	0	0	0	0	1	0	0	0	0	0	0	0	0	0	0	0	0	0	0	0
RPS17	0	0	0	0	1	0	0	0	0	0	0	0	0	0	0	0	0	0	0	0
SLC24A3	0	0	0	0	1	0	0	0	0	0	0	0	0	0	0	0	0	0	0	0
CACNG2	0	0	0	0	1	0	0	0	0	0	0	0	0	0	0	0	0	0	0	0
LAPTM5	0	0	0	0	1	0	0	0	0	0	0	0	0	0	0	0	0	0	0	0
STOM	0	0	0	0	1	0	0	0	0	0	0	0	0	0	0	0	0	0	0	0
DHRS8	0	0	0	0	1	0	0	0	0	0	0	0	0	0	0	0	0	0	0	0
RPL24	0	0	0	0	1	0	0	0	0	0	0	0	0	0	0	0	0	0	0	0
RPL6	0	0	0	0	1	0	0	0	0	0	0	0	0	0	0	0	0	0	0	0
IGFBP3	0	0	0	0	1	0	0	0	0	0	0	0	0	0	0	0	0	0	0	0
RPL26	0	0	0	0	1	0	0	0	0	0	0	0	0	0	0	0	0	0	0	0
RPS3A	0	0	0	0	1	0	0	0	0	0	0	0	0	0	0	0	0	0	0	0
RPL5	0	0	0	0	1	0	0	0	0	0	0	0	0	0	0	0	0	0	0	0
SRY	0	0	0	0	1	0	0	0	0	0	0	0	0	0	0	0	0	0	0	0
RPL7	0	0	0	0	1	0	0	0	0	0	0	0	0	0	0	0	0	0	0	0
RPL39	0	0	0	0	1	0	0	0	0	0	0	0	0	0	0	0	0	0	0	0
ADAMTS1	0	0	0	0	1	0	0	0	0	0	0	0	0	0	0	0	0	0	0	0
RPS24	0	0	0	0	1	0	0	0	0	0	0	0	0	0	0	0	0	0	0	0
RPS3	0	0	0	0	1	0	0	0	0	0	0	0	0	0	0	0	0	0	0	0
CLIC4	0	0	0	0	1	0	0	0	0	0	0	0	0	0	0	0	0	0	0	0
HTR2B	0	0	0	0	1	0	0	0	0	0	0	0	0	0	0	0	0	0	0	0
RPL34	0	0	0	0	1	0	0	0	0	0	0	0	0	0	0	0	0	0	0	0
RPL36AL	0	0	0	0	1	0	0	0	0	0	0	0	0	0	0	0	0	0	0	0
HRB2	0	0	0	0	1	0	0	0	0	0	0	0	0	0	0	0	0	0	0	0
RPL21	0	0	0	0	1	0	0	0	0	0	0	0	0	0	0	0	0	0	0	0
NAP1L1	0	0	0	0	1	0	0	0	0	0	0	0	0	0	0	0	0	0	0	0
FTL	0	0	0	0	1	0	0	0	0	0	0	0	0	0	0	0	0	0	0	0
XIST	0	0	0	0	1	0	0	0	0	0	0	0	0	0	0	0	0	0	0	0
RPL36A	0	0	0	0	1	0	0	0	0	0	0	0	0	0	0	0	0	0	0	0
PSMD14	0	1	1	1	0	0	0	1	0	0	0	0	0	0	0	0	0	0	0	0
PTBP1	0	1	0	1	0	0	0	0	0	0	0	0	0	0	0	0	0	0	1	1
