2690
2691
6464
5449
5626
7157
7012
7015
472
5328
2068
1161
7486
4000
3480
7295
9365
1869
5781
4791
6777
6774
6776
3084
8841
2688
3575
3479
3481
3630
4803
3667
5770
8660
207
5291
4804
3265
4609
1956
2064
3643
9611
4683
3727
3558
5155
1950
3561
2353
5159
2057
6750
5580
5465
5979
5336
5830
6929
142
672
5300
5728
1387
3091
7314
6117
641
596
6285
7415
5428
3486
3320
2908
1958
7422
25
675
7153
7155
4790
7150
5888
7329
7124
5170
1050
1051
4601
7040
2074
6794
2033
54840
5371
2932
3064
5578
6753
3070
345
1938
2071
7013
5591
847
2073
367
2966
7520
5111
2237
355
7014
2547
5424
581
5925
2010
2885
2309
2308
3297
7507
4482
9401
6648
6647
2305
10229
773
4036
9131
7345
351
348
2
6623
5052
5444
5970
3569
9104
539
5893
8940
2067
23411
3065
3313
2876
2936
2937
2941
2950
4512
3329
3303
3304
5110
5599
7534
2185
5747
3574
1432
2260
6667
2321
3725
5469
5601
5595
3146
890
3148
4217
6872
4001
6391
4303
8820
5295
26580
10555
648
1915
7020
627
1385
1386
6908
328
26959
701
5743
3312
25942
983
7027
1649
5422
4137
1490
3066
4149
4084
4193
7341
3014
3217
3221
3717
2099
3952
3953
4792
1191
2475
2692
1499
5663
10683
1029
5499
1627
9241
2006
545
7352
10269
8626
7351
5423
2729
2730
51548
9184
8480
5367
4292
1454
10273
8493
11200
5105
392
998
406
9575
3090
5069
111
10891
2879
7350
8074
2202
2072
1071
5468
185
493856
9521
2059
3738
51547
6561
8835
7174
7158
23410
9612
23353
578
3485
5831
7161
1268
4780
1026
5156
5290
712
1030
56648
4282
8694
4493
26291
27429
2931
4521
3551
8878
1022
2896