3419
2903
163
477
112755
3945
302
1740
10382
6389
7317
1741
2906
7277
5530
4155
815
523
6854
6456
8831
9368
6538
5594
1808
5910
23176
1759
2746
535
4747
6252
1213
6506
25927
26999
9114
5010
6812
7280
478
23154
160
2597
10486
2913
1267
5217
10383
1832
2892
1742
1739
3728
1159
27131
3736
80150
10963
6238
7915
291
10458
5315
4130
9143
5250
22839
5354
3312
7417
3737
140735
8671
57596
84251
58512
481
2775
60
506
22824
2823
2782
23396
4684
51606
2901
498
2824
192111
10059
9615
2904
4340
9922
7086
7846
5520
491
5532
2023
56899
57030
4135
7416
23237
2752
81
51286
50
8936
9229
2891
10989
816
3313
1937
6804
488
7314
3014
3761
2923
203068
388419
3939
6529
4035
6520
9211
3320
4133
23233
53616
4905
80863
343990
3326
23096
11151
2902
84435
3983
10487
57578
476
1400
1345
7001
9228
5858
54963
922
1838
84700
55870
5495
27335
5496
221264
22926
383
84904
201243
341116
7053
139425
